1,134.3939219999593,138.3129629995674
2,133.8588679999812,142.2985030002892
3,175.2372439999599,191.5304169999436
4,190.4939209999284,192.9180260002613
5,167.4303359999321,0.1263439999893308
6,75.90567899995949,137.9353949995711
7,77.31192300003022,148.1163039999083
8,113.4470560000045,96.42016999982297
9,118.4501809999347,48.13492599967867
10,109.0328319999389,33.8303509997204
11,82.56247499992605,181.3329149996862
12,91.94970300002024,222.4127949997783
13,118.7465450000018,219.5549649996683
14,157.1833189999452,214.9323720000684
15,36.39834399998654,382.8430639998987
16,0.9661889999406412,420.4043990001082
17,60.60265699995216,227.9372250000015
18,167.9326870000223,337.4642859995365
19,151.1095819999464,300.793511999771
20,68.79532199993264,383.8745470000431
21,93.32096399995498,343.2656379994005
22,182.231930000009,210.1372899999842
23,201.6687019999372,202.9266470000148
24,0.334285999997519,97.14292200002819
25,25.06921999994665,347.2749279998243
26,11.29121199995279,304.6073319995776
27,9.294127999921329,239.8449419997633
28,18.75439299992286,236.7285559996963
29,668.7951360000297,801.0018959995359
30,672.7141060000286,812.7546379994601
31,957.4649509999435,77.42044300027192
32,1054.177211000002,58.59443499986082
33,1109.895919999923,109.8217449998483
34,642.4749719999963,54.3481459999457
35,577.1401710000355,63.55315499939024
36,534.6592889999738,4.536848000250757
37,1618.714046999929,532.2175519997254
38,570.0594310000306,54.70163000002503
39,481.9483029999537,61.46291599981487
40,466.5534830000252,83.15581799950451
41,492.1316309999675,118.1378239998594
42,553.0537629999453,28.14690199960023
43,567.5311689999653,51.02045399975032
44,533.611465999973,84.5231729997322
45,490.9623930000234,64.93878600001335
46,383.4348669999745,15.90528099983931
47,377.1949259999674,121.0488390000537
48,395.9448339999653,113.2246349994093
49,269.063182999962,45.12097899988294
50,289.3245779999998,88.53729499969631
51,280.2485429999651,148.8718309998512
52,280.5930259999586,143.4281040001661
53,177.2200380000286,19.08362799976021
54,907.4434119999642,363.3767289994285
55,930.3920439999783,394.7779289996252
56,988.4345060000196,1026.532111999579
57,1030.606688000029,1102.609263000079
58,982.4604389999295,1014.475833999924
59,1318.383929000003,473.0142959998921
60,1295.250884999987,426.4865140002221
61,1333.966438999982,510.7997409999371
62,1019.380563999992,137.8606110000983
63,1027.382435999927,305.3697720002383
64,1049.688492999994,330.5794509993866
65,1121.020009999978,296.9935369994491
66,958.099710999988,157.447329999879
67,1092.31728800002,452.4759449996054
68,1107.240656999988,471.1467730002478
69,867.4639779999852,1090.130884999409
70,647.0309229999548,380.0138999996707
71,608.6515179999406,310.3994420003146
72,1590.042953999946,145.0545210000128
73,1576.683974999934,128.967650000006
74,643.9329589999979,724.6142009999603
75,1107.127351999981,396.7536650002003
76,1160.799893999938,460.9137629996985
77,1549.810725999996,445.1541179995984
78,1162.100380999968,344.7907189996913
79,1213.146763999946,451.4643359994516
80,1220.640603999957,468.9031090000644
81,1451.464818999986,210.0980690000579
82,1533.127027999959,173.3364399997518
83,1506.642403999926,278.4005459994078
84,1481.061275999993,241.5176740000024
85,1173.440585999982,91.61754299979657
86,1324.431719999993,53.28669199999422
87,1185.305339999963,515.4728589998558
88,1251.712372999988,543.278983999975
89,1505.868699999992,299.4529419997707
90,1446.637499999953,304.7496870001778
91,1428.591545999982,248.4420309998095
92,1281.184609999997,678.4242690000683
93,1257.117576999939,639.916914999485
94,1357.351774999988,781.8634359994903
95,1308.607453999925,818.4913989994675
96,1306.468253999949,720.7345699993894
97,1369.125514999963,685.8263499997556
98,1264.148342999979,853.4547709999606
99,632.0834069999401,811.1633869996294
100,612.7474609999917,742.0529359998182
101,551.3336119999876,571.5379879996181
102,575.6400279999944,647.9820369994268
103,1423.263042000006,273.8616589996964
104,692.7580259999959,239.871904999949
105,628.3727560000261,302.2754410002381
106,1498.82856699999,923.7188120000064
107,628.2836259999313,1035.039924999699
108,565.8254830000224,1052.865833999589
109,284.6116679999977,964.5830069994554
110,225.3457499999786,964.2628779998049
111,351.802032000036,779.6942480001599
112,434.9256509999977,726.4583769999445
113,268.1185999999289,929.5193020002917
114,363.1414039999945,833.7572599994019
115,374.58734800003,864.184133999981
116,282.1607930000173,792.7146959993988
117,298.7867779999506,886.0815179999918
118,444.3643339999253,782.3764599999413
119,309.2735689999536,774.7330809999257
120,61.1795619999757,970.8075629994273
121,49.99385400000028,892.3570419996977
122,150.7242369999876,1024.624352999963
123,162.6373860000167,1114.89487299975
124,183.2349769999273,502.9886509999633
125,169.7403789999662,462.5275729997084
126,204.5587260000175,996.2314929999411
127,216.8296649999684,1056.585312999785
128,84.04349199996796,952.1869409997016
129,105.6153639999684,1089.598007000051
130,475.4078359999694,128.4542399998754
131,462.9816469999496,134.6794060003012
132,455.1931920000352,124.3202590001747
133,676.1145059999544,112.7717679999769
134,524.4158629999729,167.5176189998165
135,599.957968999981,748.8596390001476
136,619.720457999967,816.9252209998667
137,563.1224200000288,693.5882550003007
138,581.1278209999437,734.4896970000118
139,507.1522869999753,721.9330580001697
140,474.416343000019,704.8277839999646
141,519.4567500000121,770.4738600002602
142,410.9257780000335,945.3072379995138
143,406.978992999997,938.4370769998059
144,603.0524389999919,746.7387800002471
145,1349.541766999988,261.6128479996696
146,765.0675999999512,147.3681610003114
147,793.6115539999446,155.33043800015
148,715.8183309999295,179.5483849998564
149,708.4606800000183,163.5474140001461
150,752.4737949999981,126.7197000002489
151,775.4467370000202,119.492336999625
152,735.2517359999474,99.51827500015497
153,739.1330420000013,673.9028059998527
154,813.5453770000022,642.1022029994056
155,833.7201649999479,976.8698429996148
156,862.6138619999401,934.1595930000767
157,1537.040248999954,395.978469000198
158,667.6520099999616,941.7352109998465
159,646.5914809999522,883.5589640000835
160,1405.199831999955,161.5297489995137
161,1535.598243999993,123.0402619997039
162,135.5920509999851,913.3950829999521
163,988.7309070000192,465.517001000233
164,1063.66285199998,473.2896320000291
165,1511.84683699999,596.2849949998781
166,951.4659080000129,423.9303580000997
167,961.3034129999578,462.8437970001251
168,331.7394639999839,1112.381907999516
169,292.4011460000183,983.9838039996103
170,1518.035120000015,298.5138299996033
171,1647.791027999949,270.3355419998989
172,1617.151657999959,115.4554819995537
173,1641.089036999969,35.10345599986613
174,844.5732790000038,1013.323843999766
175,227.3068329999223,832.7474589999765
176,340.3690829999978,755.2086399998516
177,16.04023699997924,76.68319400027394
178,8.821712999953888,90.21037399955094
179,257.9030619999394,1078.017339999788
180,265.0974970000098,1086.080400999636
181,1611.075263999985,688.2024520002306
182,81.02595999999903,1112.362540999427
183,585.6844600000186,1134.977636999451
184,126.7154520000331,840.7959230002016
185,389.8195319999941,1060.061333999969
186,412.9306380000198,991.2154059996828
187,478.12002199993,969.8445840002969
188,434.9291619999567,985.5767240002751
189,1268.899787999922,1127.538410999812
190,1153.224093999947,1085.804812999442
191,1161.193057999946,1081.146670999937
192,855.8348599999445,418.8563000001013
193,790.126969999983,429.9785399995744
194,1578.686195999966,387.1523019997403
195,666.7790239999304,196.9866399997845
196,566.1915169999702,237.636377999559
197,1112.876878999989,44.48939100001007
198,1266.822656999924,10.87403699941933
199,894.0632960000075,910.9846719997004
200,1059.493081999943,183.6342850001529
201,1205.289030999993,557.9467700002715
202,1241.849077999941,519.4017129996792
203,1336.921815000009,757.9137760000303
204,1434.828264000011,479.59982999973
205,1429.627344000037,647.2088740002364
206,1231.072089000023,714.4599949996918
207,1393.250374999945,709.8562110001221
208,621.0679639999289,821.9783060001209
209,633.5143260000041,816.0555370002985
210,756.1550229999702,260.737854000181
211,708.9714570000069,229.6609020000324
212,699.1263780000154,1066.5081989998
213,469.4003030000022,467.1887069996446
214,488.1034049999435,457.7367799999192
215,529.3693039999344,673.9663169998676
216,504.3914860000368,598.6542999995872
217,684.4472479999531,1007.760768000037
218,778.4493099999381,789.0460780002177
219,866.022890000022,733.8039849996567
220,1483.494501999929,405.7088859993964
221,1493.091721999925,426.0003669997677
222,612.4102019999409,909.0768759995699
223,585.6005720000248,832.1038229996339
224,645.5591400000267,1098.889134000056
225,904.9040520000272,175.3439859999344
226,945.0856249999488,217.6045039994642
227,1645.586142999935,176.0195599999279
228,1177.106266999967,358.6624360000715
229,957.2151219999651,963.326524999924
230,450.4838499999605,236.3039250001311
231,469.5976329999976,266.7771880002692
232,739.6129039999796,891.7113309996203
233,781.4684940000298,1004.000785999931
234,1091.781619000016,965.4835339998826
235,927.5949569999939,887.0003229994327
236,1403.517116999952,320.1452089995146
237,1431.530930000008,306.1054130000994
238,1319.670221999986,230.6206909995526
239,1504.919464000035,148.4693769998848
240,451.8614550000057,476.1266069998965
241,509.093128999928,447.4367629997432
242,924.3520410000347,598.6919569997117
243,882.0007269999478,486.9087579995394
244,640.245464000036,888.4211120000109
245,501.8776739999885,133.2761770002544
246,591.70475299994,88.98387099988759
247,233.5578039999818,168.0920460000634
248,217.8798660000321,174.641619999893
249,366.7861509999493,43.14592000003904
250,331.0028359999415,29.04206199944019
251,452.1300330000231,17.60699700005353
252,497.1860399999423,41.3763330001384
253,688.4458490000106,54.65244999993593
254,418.273984999978,127.7512440001592
255,446.4916240000166,146.1839319998398
256,451.8694579999428,149.8674119999632
257,275.8124669999816,207.2940250001848
258,357.1945490000071,125.5726049998775
259,326.3462029999355,132.59528900031
260,434.8510430000024,70.63089299947023
261,721.0344809999224,46.1983399996534
262,483.4567490000045,59.34133199974895
263,823.5839179999894,19.10746699944139
264,353.8502409999492,213.8969249995425
265,338.5284279999323,185.4142849994823
266,359.0150869999779,176.9876250000671
267,372.1214860000182,206.8597909994423
268,462.158723999979,156.6640739999712
269,202.9448139999295,181.0887310001999
270,181.8455839999951,185.13378299959
271,21.19331599993166,168.85706199985
272,26.17129500000738,135.0415509995073
273,16.4075690000318,195.5168509995565
274,65.27153699996416,516.5520890001208
275,48.60049099999014,419.7710060002282
276,31.75973099994008,39.72666400019079
277,117.1952339999843,136.2192939994857
278,171.5530090000248,115.0039790002629
279,172.0614449999994,248.5701139997691
280,199.9189069999848,305.3688869997859
281,55.55628000001889,160.5797619996592
282,41.97063500003424,176.9465749999508
283,65.26520399993751,116.6256090002134
284,73.71529099997133,119.9153330000117
285,39.17883099999744,48.27079600002617
286,122.2121549999574,407.2287759995088
287,78.57895699993242,304.6913270000368
288,204.2116199999582,205.0648280000314
289,1299.916817000019,210.5343260001391
290,1225.677888000035,135.4602950001136
291,116.3617920000106,635.5742969997227
292,109.4203399999533,615.5280170002952
293,1523.998656000011,0.5814509997144342
294,110.6512489999877,596.0013459995389
295,122.5777630000375,633.0093839997426
296,385.6048380000284,1073.126455999911
297,278.2529189999914,284.274194999598
298,243.8348009999609,727.3725469997153
299,356.2064199999441,682.464391999878
300,264.7381359999999,263.160279000178
301,258.9386190000223,253.9070939999074
302,512.3591209999286,456.1468540001661
303,416.7354640000267,211.2222170000896
304,127.9735729999375,397.2707759998739
305,4.77581200003624,145.9003069996834
306,444.0222030000296,278.0558609999716
307,427.6757119999966,236.4779789997265
308,592.805726999999,638.1411490002647
309,615.1728139999323,627.1501789996401
310,245.3865819999483,265.1223869994283
311,830.112116000033,964.4348189998418
312,412.3881619999884,650.7690639998764
313,512.7986800000072,846.3914169995114
314,544.0898579999339,966.8420179998502
315,731.1215259999735,677.9797240002081
316,824.9079429999692,405.1612660000101
317,867.3923550000181,383.1950920000672
318,792.7222929999698,836.5126399993897
319,1103.676457999973,278.4820219995454
320,1624.202695999993,112.6057959999889
321,591.4217969999882,544.5215729996562
322,468.0909029999748,338.7415669998154
323,805.1894910000265,878.1703789997846
324,397.9270519999554,167.4771870002151
325,1416.277746999986,174.0774679994211
326,654.8433139999397,66.43938099965453
327,74.12967299995944,498.4846719997004
328,70.86475700000301,504.9183229999617
329,142.2161299999571,85.47882500011474
330,50.75581499992404,543.4808820001781
331,0,637.8483140002936
332,901.34763199999,2.642458000220358
333,566.6867639999837,100.6963829994202
334,453.1185510000214,0
335,408.0731989999767,191.3098590001464
336,199.2727820000146,65.66914999950677
337,216.3403910000343,60.43042800016701
338,939.3433429999277,593.6329239998013
339,1035.322582999943,561.6335020000115
340,1645.233784999931,391.8468189993873
341,1534.84550299996,417.4747549993917
342,1233.405698999995,499.1242420002818
343,444.0513730000239,632.530763999559
344,430.2941809999757,640.4893459994346
345,547.6926289999392,560.9053750000894
346,167.7860499999952,816.1101239994168
347,177.6231949999929,805.432044999674
348,212.4738849999849,776.2385809998959
349,268.3060820000246,737.1070860000327
350,246.7798930000281,1027.45351499971
351,325.0718489999417,701.1723360000178
352,504.4561680000043,815.0316679999232
353,152.7459350000136,1126.215292999521
354,461.962480999995,845.2377779996023
355,389.1290220000083,509.8622150002047
356,352.5772560000187,408.8952460000292
357,314.2569799999474,963.987519999966
358,452.5659219999798,851.9672360001132
359,388.6587549999822,901.5310650002211
360,343.0943829999305,939.3115679994226
361,1420.005638999981,446.0130139999092
362,711.2680509999627,581.9342189999297
363,1090.171531999949,544.1559229996055
364,423.7567829999607,227.248399999924
365,677.4868209999986,489.8193379994482
366,696.5544470000314,478.3533469997346
367,1297.445382999955,189.9119029995054
368,436.4907680000179,3.63947799988091
369,295.2633369999239,38.1673799995333
370,349.7444629999809,64.4795899996534
371,250.6237020000117,224.8414019998163
372,210.1568350000307,96.28542099986225
373,169.1458759999368,3.398330999538302
374,424.9398130000336,623.8099929997698
375,392.0503269999754,519.3833919996396
376,411.2961659999564,198.4519299995154
377,295.0085229999386,310.9344180002809
378,290.6895759999752,303.5796940000728
379,421.7362689999864,222.4558919994161
380,122.4015649999492,655.7690690001473
381,586.7256239999551,1142.162999999709
382,2.031877000001259,130.5356399994344
383,45.28839799994603,96.03987600002438
384,4.499835000024177,162.4527970002964
385,888.2078510000138,172.3761900002137
386,33.57065699994564,112.9978169994429
387,1371.448900999967,797.574211999774
388,969.9231509999372,671.0964629994705
389,1027.816644000006,756.0272949999198
390,368.3867489999393,1005.882845999673
391,1.104319000034593,118.8652329994366
392,0.7517450000159442,110.0928929997608
393,1259.254288999946,432.718081000261
394,622.2519270000048,646.9979699999094
395,144.9990759999491,152.2312429994345
396,249.4735469999723,245.436123999767
397,53.40870299993549,112.6497839996591
398,227.6192769999616,225.852642999962
399,59.85186599998269,72.85341400001198
400,25.82412499992643,349.5307320002466
401,5.478002000018023,96.87305200006813
402,527.6612080000341,3.166434000246227
403,1106.119160000002,875.6724149994552
404,1061.834321000031,807.233175999485
405,1225.505579999997,590.6168050002307
406,766.6906459999736,261.4171089995652
407,1501.57982600003,1105.593590999953
408,1213.682402999955,1047.372278999537
409,1614.662175999954,1022.360941000283
410,1143.769388000015,934.9040850000456
411,1460.036806999939,780.9602509997785
412,1401.273029999924,829.8233350003138
413,1330.10585599998,910.915142999962
414,1354.188282000017,884.0634929994121
415,1523.275989999995,10.73267900012434
416,1377.489277999965,96.17068799957633
417,682.9216630000155,354.7424719994888
418,198.7824010000331,402.9139280002564
419,431.3493770000059,940.1131539996713
420,214.7430819999427,599.9717299994081
421,193.9863689999329,887.3736220002174
422,372.4450729999226,1114.751717999578
423,757.0944700000109,94.52816899958998
424,556.892462000018,230.8475129995495
425,918.3061939999461,114.6063970001414
426,117.0417420000304,613.2295239996165
427,203.3026449999306,235.8665289999917
428,1427.753019999946,744.4130359999836
429,652.0743889999576,879.7635589996353
430,239.5338690000353,254.3656989997253
431,213.1800499999663,230.9080640003085
432,724.0568369999528,825.1098449993879
433,399.9705539999995,1109.048642999493
434,492.3863010000205,998.8381599998102
435,485.4462650000351,967.5698750000447
436,1297.311886999989,558.0610009999946
437,1420.151589000016,31.6679449994117
438,687.7832819999894,859.030760999769
439,752.2450940000126,878.4065249999985
440,412.2864200000186,371.2852739999071
441,960.9144170000218,789.6405619997531
442,997.611333000008,771.879371999763
443,605.1720419999911,44.12701100017875
444,206.2646650000243,137.8473319998011
445,189.2149059999501,146.1321599995717
446,667.381459999946,340.2364969998598
447,83.3363749999553,317.3054470000789
448,901.7114469999215,120.3711470002309
449,593.7603889999446,924.3402659995481
450,447.0301889999537,1088.28771100007
451,447.973210999975,1094.846257999539
452,135.213676000014,593.8603799995035
453,1650.983734000009,420.594089999795
454,1036.366489999928,339.3996719997376
455,451.9557179999538,1123.078869999386
456,185.1162710000062,139.8152729999274
457,303.4841000000015,142.1576379993931
458,1059.965108999983,613.7032340001315
459,1019.639492999995,830.7582569997758
460,1133.427335000015,772.5774609996006
461,1555.822714000009,161.798430999741
462,1186.640952999936,746.2271020002663
463,583.126912000007,825.2939829993993
464,564.1938389999559,772.9431130001321
465,201.7143190000206,559.692305999808
466,307.4455019999296,930.9268389996141
467,158.7062429999933,465.8804879998788
468,103.4706030000234,465.9362599998713
469,1253.76005199994,744.4555219998583
470,669.0392369999318,947.1107379999012
471,402.4279719999759,1138.300565999933
472,251.4046330000274,104.8014190001413
473,326.6640269999625,860.3906519999728
474,299.2297239999753,1135.022734999657
475,439.3941549999872,1026.21739500016
476,482.7660069999984,1003.861330999993
477,446.086959999986,1081.585013000295
478,518.648359999992,1103.285986999981
479,511.9865770000033,1070.259370000102
480,501.4977119999239,1025.559360000305
481,1105.882587000029,591.2240690002218
482,1198.680331000011,737.6683789994568
483,1343.506637000013,591.4454720001668
484,607.7918279999867,601.7007940001786
485,1067.035147999995,419.6161879999563
486,534.080111999996,188.0611629998311
487,1107.147494999925,364.3039889996871
488,366.9687739999499,151.1657959995791
489,1008.971071999986,285.6302910000086
490,97.09397699998226,576.2074549999088
491,89.36805399996229,552.2958410000429
492,76.88881499995478,518.7660109996796
493,714.9151569999522,450.4484999999404
494,340.8751540000085,663.2101849997416
495,1502.761273999931,829.9359209993854
496,646.8385260000359,960.8185200002044
497,1333.984183999943,859.2407320002094
498,276.1660660000052,863.6193110002205
499,962.1978779999772,764.0185519997031
500,101.6700260000071,599.1827279999852
501,106.1763959999662,589.498289000243
502,506.2869380000047,139.7612739996985
503,514.3814619999612,151.6080649998039
504,522.3205369999632,164.2702109999955
505,1075.245126000023,17.71352600026876
506,727.2027949999319,53.75952100008726
507,746.1469260000158,77.68276599980891
508,1527.741892999969,1.514845999889076
509,1658.508999999962,20.95417999941856
510,1289.38175499998,199.5865879999474
511,1231.579519000021,142.2069370001555
512,162.8391609999817,798.2087779995054
513,755.0848540000152,91.90293799992651
514,803.8661729999585,155.9164650002495
515,877.2591450000182,170.2954049995169
516,651.2691519999644,388.2025039996952
517,692.051249000011,469.1433399999514
518,814.4228779999539,888.0975049994886
519,151.8341309999814,796.8125050002709
520,78.77399100002367,841.3634409997612
521,1176.000100999954,228.1061129998416
522,880.8460969999433,355.8409989997745
523,57.72144899994601,866.0809269994497
524,918.6541890000226,967.2787029994652
